H.S      1.00794     1
.493002 10.5109 .322912 26.1257 .140191 3.14236 .04081 57.7997 .003038
0/
0/
H        1.00794     1
.489918 20.6593 .262003 7.74039 .196767 49.5519 .049879 2.20159 .001305 -3.7390
  0.413048  0.294953  0.187491  0.080701  0.023736  0.000049  15.569946 32.398468  5.711404 61.889874  1.334118
12*0.0, 0.3326 80.26
H-       1.00794     1
.897661 53.1368 .565616 15.187 .415815 186.576 .116973 3.56709 .002389
  0.702260  0.763666  0.248678  0.261323  0.023017  0.000425  23.945604 74.897919  6.773289 233.583450  1.337531
0/
D        2.0141018   1
.489918 20.6593 .262003 7.74039 .196767 49.5519 .049879 2.20159 .001305 6.671
  0.413048  0.294953  0.187491  0.080701  0.023736  0.000049  15.569946 32.398468  5.711404 61.889874  1.334118
12*0.0, 0.000519 2.05
He       4.002602    2
.8734 9.1037 .6309 3.3568 .3112 22.9276 .178 .9821 .0064 3.26
  0.732354  0.753896  0.283819  0.190003  0.039139  0.000487  11.553918  4.595831  1.546299 26.463964  0.377523
12*0.0, 0.00747 0.00
Li       6.941       3
1.1282 3.9546 .7508 1.0524 .6175 85.3905 .4653 168.261 .0377 -1.90
  0.974637  0.158472  0.811855  0.262416  0.790108  0.002542   4.334946  0.342451 97.102966 201.363824  1.409234
.0023 .0008 .0015 .0006 .0013 .0005 .0008 .0003 -0.0003 .0001 -0.0004 .0 70.5 0.92
Li7      7.016004    3
1.1282 3.9546 .7508 1.0524 .6175 85.3905 .4653 168.261 .0377 -2.22
  0.974637  0.158472  0.811855  0.262416  0.790108  0.002542   4.334946  0.342451 97.102966 201.363824  1.409234
.0023 .0008 .0015 .0006 .0013 .0005 .0008 .0003 -0.0003 .0001 -0.0004 .0 0.0454 0.78
Li+      6.941       3
.6968 4.6237 .7888 1.9557 .3414 .6316 .1563 10.0953 .0167
  0.432724  0.549257  0.376575 -0.336481  0.976060  0.001764   0.260367  1.042836  7.885294  0.260368  3.042539
.0023 .0008 .0015 .0006 .0013 .0005 .0008 .0003 -0.0003 .0001 -0.0004 .0
Be       9.012182    4
1.5919 43.6427 1.1278 1.8623 .5391 103.483 .7029 .542 .0385 7.79
  1.533712  0.638283  0.601052  0.106139  1.118414  0.002511  42.662078  0.595420 99.106501  0.151340  1.843093
.0083 .0033 .006 .0023 .0052 .0019 .0038 .0014 .0005 .0002 .0001 .0001 0.0076 0.0018
Be2+     9.012182    4
6.2603 .0027 .8849 .8313 .7993 2.2758 .1647 5.1146 -6.1092
  3.055430 -2.372617  1.044914  0.544233  0.381737 -0.653773   0.001226  0.001227  1.542106  0.456279  4.047479
.0083 .0033 .006 .0023 .0052 .0019 .0038 .0014 .0005 .0002 .0001 .0001
B        10.811      5
2.0545 23.2185 1.3326 1.021 1.0979 60.3498 .7068 .1403 -.1932 5.30
  2.085185  1.064580  1.062788  0.140515  0.641784  0.003823  23.494069  1.137894 61.238975  0.114886  0.399036
.019 .0094 .014 .0065 .0121 .0055 .009 .0039 .0013 .0007 .0004 .0004 767. 1.70
B11        11.000    5
2.0545 23.2185 1.3326 1.021 1.0979 60.3498 .7068 .1403 -.1932 6.65
  2.085185  1.064580  1.062788  0.140515  0.641784  0.003823  23.494068  1.137894 61.238976  0.114886  0.399036
.019 .0094 .014 .0065 .0121 .0055 .009 .0039 .0013 .0007 .0004 .0004 0.0055 0.22
C        12.0107     6
2.31 20.8439 1.02 10.2075 1.5886 .5687 .865 51.6512 .2156 6.6460
  2.657506  1.078079  1.490909 -4.241070  0.713791  4.297983  14.780758  0.776775 42.086843 -0.000294  0.239535
.0364 .0213 .0273 .0148 .0237 .0125 .0181 .0091 .0033 .0016 .0015 .0009 0.00350 0.001
C.v      12.0107     6
2.26069 22.6907 1.56165 .656665 1.05075 9.75618 .839259 55.5949 .286977
  1.258489  0.728215  1.119856  2.168133  0.705239  0.019722  10.683769  0.208177  0.836097 24.603704 58.954273
.0364 .0213 .0273 .0148 .0237 .0125 .0181 .0091 .0033 .0016 .0015 .0009
N        14.0067     7
12.2126 .0057 3.1322 9.8933 2.0125 28.9975 1.1663 .5826 -11.529 9.36
 11.893780  3.277479  1.858092  0.858927  0.912985 -11.804902   0.000158 10.232723 30.344690  0.656065  0.217287
.0606 .0416 .0461 .0293 .0403 .0248 .0311 .018 .0061 .0033 .003 .0019 1.90 0.50
O        15.9994     8
3.0485 13.2771 2.2868 5.7011 1.5463 .3239 .867 32.9089 .2508 5.803
  2.960427  2.508818  0.637853  0.722838  1.142756  0.027014  14.182259  5.936858  0.112726 34.958481  0.390240
.0928 .0731 .0716 .0518 .063 .044 .0492 .0322 .0106 .006 .0056 .0036 0.00019 0.000
O-       15.9994     8
4.1916 12.8573 1.63969 4.17236 1.52673 47.0179 -20.307 -.01404 21.9412
  3.106934  3.235142  1.148886  0.783981  0.676953  0.046136  19.868080  6.960252  0.170043 65.693512  0.630757
.0928 .0731 .0716 .0518 .063 .044 .0492 .0322 .0106 .006 .0056 .0036
O2-      15.9994     8
14.021 6.7772 294.61 11.376 -0.077485 -0.845400 -300.2 11.079000 1.502600
  3.990247  2.300563  0.607200  1.907882  1.167080  0.025429  16.639956  5.636819  0.108493 47.299709  0.379984
.0928 .0731 .0716 .0518 .063 .044 .0492 .0322 .0106 .006 .0056 .0036
F        18.9984032  9
3.5392 10.2825 2.6412 4.2944 1.517 .2615 1.0243 26.1476 .2776 5.654
  3.511943  2.772244  0.678385  0.915159  1.089261  0.032557  10.687859  4.380466  0.093982 27.255203  0.313066
.1324 .1192 .1037 .0851 .092 .0725 .0727 .0534 .0171 .0103 .0096 .0061 0.0096 0.0008
F-       18.9984032  9
3.6322 5.27756 3.51057 14.7353 1.26064 .442258 .940706 47.3437 .653396
  0.457649  3.841561  1.432771  0.801876  3.395041  0.069525   0.917243  5.507803  0.164955 51.076206 15.821679
.1324 .1192 .1037 .0851 .092 .0725 .0727 .0534 .0171 .0103 .0096 .0061
Ne       20.1797    10
3.9553 8.4042 3.1125 3.4262 1.4546 .2306 1.1251 21.7184 .3515 4.566
  4.183749  2.905726  0.520513  1.135641  1.228065  0.025576   8.175457  3.252536  0.063295 21.813909  0.224952
.1793 .1837 .1426 .1318 .1273 .1126 .1019 .0833 .0259 .0164 .0152 .0098 0.039 0.008
Na       22.989770  11
4.7626 3.285 3.1736 8.8422 1.2674 .3136 1.1128 129.424 .676 3.63
  4.910127  3.081783  1.262067  1.098938  0.560991  0.079712   3.281434  9.119178  0.102763 132.013942  0.405878
.2295 .2699 .1857 .1957 .167 .1667 .1353 .1239 .0362 .0249 .0218 .015 0.530 1.62
Na+      22.989770  11
3.2565 2.6671 3.9362 6.1153 1.3998 .2001 1.0032 14.039 .404
  3.148690  4.073989  0.767888  0.995612  0.968249  0.045300   2.594987  6.046925  0.070139 14.122657  0.217037
.2295 .2699 .1857 .1957 .167 .1667 .1353 .1239 .0362 .0249 .0218 .015
Mg       24.3050    12
5.4204 2.8275 2.1735 79.2611 1.2269 .3808 2.3073 7.1937 .8584 5.375
  4.708971  1.194814  1.558157  1.170413  3.239403  0.126842   4.875207 108.506079  0.111516 48.292407  1.928171
.2778 .3812 .2309 .2765 .2094 .2373 .1719 .1771 .0486 .0363 .0298 .022 0.063 0.08
Mg2+     24.3050    12
3.4988 2.1676 3.8378 4.7542 1.3284 .185 .8497 10.1411 .4853
  3.062918  4.135106  0.853742  1.036792  0.852520  0.058851   2.015803  4.417941  0.065307  9.669710  0.187818
.2778 .3812 .2309 .2765 .2094 .2373 .1719 .1771 .0486 .0363 .0298 .022
Al       26.9815386 13
6.4202 3.0387 1.9002 .7426 1.5936 31.5472 1.9646 85.0886 1.1151 3.449
  4.730796  2.313951  1.541980  1.117564  3.154754  0.139509   3.628931 43.051166  0.095960 108.932389  1.555918
.326 .5212 .2774 .3807 .2551 .3276 .213 .2455 .0645 .0514 .0406 .0313 0.231 0.0082
Al3+     26.9815386 13
4.17448 1.93816 3.3876 4.14553 1.20296 .228753 .528137 8.28524 .706786
  4.132015  0.912049  1.102425  0.614876  3.219136  0.019397   3.528641  7.378344  0.133708  0.039065  1.644728
.326 .5212 .2774 .3807 .2551 .3276 .213 .2455 .0645 .0514 .0406 .0313
Si       28.0855    14
6.2915 2.4386 3.0353 32.3337 1.9891 .6785 1.541 81.6937 1.1407 4.1491
  5.275329  3.191038  1.511514  1.356849  2.519114  0.145073   2.631338 33.730728  0.081119 86.288640  1.170087
.3647 .6921 .3209 .5081 .2979 .4384 .2541 .3302 .0817 .0704 .0522 .0431 0.171 0.004
Si.v     28.0855    14
5.66269 2.6652 3.07164 38.6634 2.62446 .916946 1.3932 93.5458 1.24707
  2.879033  3.072960  1.515981  1.390030  4.995051  0.146030   1.239713 38.706276  0.081481 93.616333  2.770293
.3647 .6921 .3209 .5081 .2979 .4384 .2541 .3302 .0817 .0704 .0522 .0431
Si4+     28.0855    14
4.43918 1.64167 3.20345 3.43757 1.19453 .2149 .41653 6.65365 .746297
  3.676722  3.828496  1.258033  0.419024  0.720421  0.097266   1.446851  3.013144  0.064397  0.206254  5.970222
.3647 .6921 .3209 .5081 .2979 .4384 .2541 .3302 .0817 .0704 .0522 .0431
P        30.973762  15
6.4345 1.9067 4.1791 27.157 1.78 .526 1.4908 68.1645 1.1149 5.13
  1.950541  4.146930  1.494560  1.522042  5.729711  0.155233   0.908139 27.044953  0.071280 67.520190  1.981173
.3898 .8984 .3592 .6628 .3388 .5731 .2955 .4335 .1023 .0942 .0667 .058 0.172 0.005
S        32.065     16
6.9053 1.4679 5.2034 22.2151 1.4379 .2536 1.5863 56.172 .8669 2.847
  6.372157  5.154568  1.473732  1.635073  1.209372  0.154722   1.514347 22.092528  0.061373 55.445176  0.646925
.3899 1.141 .3848 .8457 .3706 .7329 .3331 .5567 .1246 .1234 .0826 .0763 0.53 0.007
Cl       35.453     17
11.4604 .0104 7.1964 1.1662 6.2556 18.5194 1.6455 47.7784 -9.5574 9.5770
  1.446071  6.870609  6.151801  1.750347  0.634168  0.146773   0.052357  1.193165 18.343416 46.398394  0.401005
.3508 1.4222 .392 1.0596 .3892 .9202 .3639 .7018 .1484 .1585 .0998 .0984 33.5 5.3
Cl-      35.453     17
18.2915 .0066 7.2084 1.1717 6.5337 19.5424 2.3386 60.4486 -16.378
  1.061802  7.139886  6.524271  2.355626 35.829403 -34.916603   0.144727  1.171795 19.467655 60.320301  0.000436
.3508 1.4222 .392 1.0596 .3892 .9202 .3639 .7018 .1484 .1585 .0998 .0984
Ar       39.948     18
7.4845 .9072 6.7723 14.8407 .6539 43.89830 1.6442 33.3929 1.4445 1.909
  7.188004  6.638454  0.454180  1.929593  1.523654  0.265954   0.956221 15.339877 15.339862 39.043824  0.062409
.2609 1.7485 .3696 1.3087 .388 1.1388 .3843 .8717 .1743 .2003 .1191 .1249 0.675 0.22
K        39.0983    19
8.2186 12.7949 7.4398 .7748 1.0519 213.187 .8659 41.6841 1.4228 3.67
  8.163991  7.146945  1.070140  0.877316  1.486434  0.253614  12.816323  0.808945 210.327009 39.597651  0.052821
.0914 2.1089 .3068 1.5888 .3532 1.3865 .3868 1.0657 .2009 .2494 .1399 .1562 2.1 0.27
K+       39.0983    19
7.9578 12.6331 7.4917 .7674 6.359 -.002 1.1915 31.9128 -4.9978
-17.609339  1.494873  7.150305 10.899569 15.808228  0.257164  18.840979  0.053453  0.812940 22.264105 14.351593
.0914 2.1089 .3068 1.5888 .3532 1.3865 .3868 1.0657 .2009 .2494 .1399 .1562
Ca       40.078     20
8.6266 10.4421 7.3873 .6599 1.5899 85.7484 1.0211 178.437 1.3751 4.70
  8.593655  1.477324  1.436254  1.182839  7.113258  0.196255  10.460644  0.041891 81.390382 169.847839  0.688098
-.1987 2.5138 .1867 1.9032 .2782 .6648 .3641 1.2855 .2262 .3064 .1611 .1926 0.43 0.05
Ca2+     40.078     20
15.6348 -.0074 7.9518 .6089 8.4372 10.3116 .8537 25.9905 -14.875
  8.501441 12.880483  9.765095  7.156669  0.711160 -21.013187  10.525848 -0.004033  0.010692  0.684443 27.231771
-.1987 2.5138 .1867 1.9032 .2782 .6648 .3641 1.2855 .2262 .3064 .1611 .1926
Sc       44.955912  21
9.189 9.0213 7.3679 .5729 1.6409 136.108 1.468 51.3531 1.3329 12.29
  1.476566  1.487278  1.600187  9.177463  7.099750  0.157765  53.131022  0.035325 137.319495  9.098031  0.602102
-.6935 2.9646 -.012 2.2557 .1474 1.9774 .3119 1.5331 .2519 .3716 .1829 .2348 27.5 4.5
Sc3+     44.955912  21
13.4008 .29854 8.0273 7.9629 1.65943 -.28604 1.57936 16.0662 -6.6667
  7.104348  1.511488 -53.669773 38.404816 24.532240  0.118642   0.601957  0.033386 12.572138 10.859736 14.125230
-.6935 2.9646 -.012 2.2557 .1474 1.9774 .3119 1.5331 .2519 .3716 .1829 .2348
Ti       47.867     22
9.7595 7.8508 7.3558 .5 1.6991 35.6338 1.9021 116.105 1.2807 -3.370
  9.818524  1.522646  1.703101  1.768774  7.082555  0.102473   8.001879  0.029763 39.885423 120.158000  0.532405
-1.6394 3.4538 -.3318 2.6425 -.0617 2.3213 .2191 1.8069 .2776 .4457 .206 .283 6.43 2.63
Ti2+     47.867     22
9.11423 7.5243 7.62174 .457585 2.2793 19.5361 .087899 61.6558 .897155
  7.040119  1.496285  9.657304  0.006534  1.649561  0.150362   0.537072  0.031914  8.009958 201.800290 24.039483
-1.6394 3.4538 -.3318 2.6425 -.0617 2.3213 .2191 1.8069 .2776 .4457 .206 .283
Ti3+     47.867     22
17.7344 .22061 8.73816 7.04716 5.25691 -.15762 1.92134 15.9768 -14.652
 36.587933  7.230255 -9.086077  2.084594 17.294008 -35.111282   0.000681  0.522262  5.262317 15.881716  6.149805
-1.6394 3.4538 -.3318 2.6425 -.0617 2.3213 .2191 1.8069 .2776 .4457 .206 .283
Ti4+     47.867     22
19.5114 .178847 8.23473 6.67018 2.01341 -.29263 1.5208 12.9464 -13.28
 45.355537  7.092900  7.483858 -43.498817  1.678915 -0.110628   9.252186  0.523046 13.082852 10.193876  0.023064
-1.6394 3.4538 -.3318 2.6425 -.0617 2.3213 .2191 1.8069 .2776 .4457 .206 .283
V        50.9415    23
10.2971 6.8657 7.3511 .4385 2.0703 26.8938 2.0571 102.478 1.2199 -0.3824
 10.473575  1.547881  1.986381  1.865616  7.056250  0.067744   7.081940  0.026040 31.909672 108.022844  0.474882
-4.4818 .4575 -.8645 3.0644 -.3871 2.6994 .0687 2.1097 .3005 .5294 .2276 .3376 5.08 5.08
Vm       50.9415    23
10.2971 6.8657 7.3511 .4385 2.0703 26.8938 2.0571 102.478 1.2199 -0.3824
 10.473575  1.547881  1.986381  1.865616  7.056250  0.067744   7.081940  0.026040 31.909672 108.022842  0.474882
-4.4818 .4575 -.8645 3.0644 -.3871 2.6994 .0687 2.1097 .3005 .5294 .2276 .3376 5.08 5.187
V2+      50.9415    23
10.106 6.8818 7.3541 .4409 2.2884 20.3004 .0223 115.122 1.2298
  7.754356  2.064100  2.576998  2.011404  7.126177 -0.533379   7.066315  0.014993  7.066308 22.055786  0.467568
-4.4818 .4575 -.8645 3.0644 -.3871 2.6994 .0687 2.1097 .3005 .5294 .2276 .3376
V3+      50.9415    23
9.43141 6.39535 7.7419 .383349 2.15343 15.1908 .016865 63.969 .656565
  9.958480  1.596350  1.483442 -10.846044 17.332867  0.474921   6.763041  0.056895 17.750029  0.328826  0.388013
-4.4818 .4575 -.8645 3.0644 -.3871 2.6994 .0687 2.1097 .3005 .5294 .2276 .3376
V5+      50.9415    23
15.6887 .679003 8.14208 5.40135 2.03081 9.97278 -9.576 .940464 1.7143
 15.575018  8.448095  1.612040 -9.721855  1.534029  0.552676   0.682708  5.566640 10.527077  0.907961  0.066667
-4.4818 .4575 -.8645 3.0644 -.3871 2.6994 .0687 2.1097 .3005 .5294 .2276 .3376
Cr       51.9961    24
10.6406 6.1038 7.3537 .392 3.324 20.2626 1.4922 98.7399 1.1832 3.635
 11.007069  1.555477  2.985293  1.347855  7.034779  0.065510   6.366281  0.023987 23.244838 105.774500  0.429369
-2.1308 .5468 -1.921 3.5251 -.9524 3.113 -.1635 2.4439 .3209 .6236 .2496 .3992 3.05 1.83
Cr2+     51.9961    24
9.54034 5.66078 7.7509 .344261 3.58274 13.3075 .509107 32.4224 .616898
 10.598877  1.565858  2.728280  0.098064  6.959321  0.049870   6.151846  0.023519 17.432816 54.002388  0.426301
-2.1308 .5468 -1.921 3.5251 -.9524 3.113 -.1635 2.4439 .3209 .6236 .2496 .3992
Cr3+     51.9961    24
9.6809 5.59463 7.81136 .334393 2.87603 12.8288 .113575 32.8761 .518275
  7.989310  1.765079  2.627125  1.829380  6.980908 -0.192123   6.068867  0.018342  6.068887 16.309284  0.420864
-2.1308 .5468 -1.921 3.5251 -.9524 3.113 -.1635 2.4439 .3209 .6236 .2496 .3992
Mn       54.938045  25
11.2819 5.3409 7.3573 .3432 3.0193 17.8674 2.2441 83.7543 1.0896 -3.750
 11.709542  1.733414  2.673141  2.023368  7.003180 -0.147293   5.597120  0.017800 21.788419 89.517915  0.383054
-1.598 .6479 -3.5716 .4798 -2.0793 3.5546 -.5299 2.8052 .3368 .7283 .2704 .4681 13.3 0.40
Mn2+     54.938045  25
10.8061 5.2796 7.362 .3435 3.5268 14.343 .2184 41.3235 1.0874
 11.287712 26.042414  3.058096  0.090258  7.088306 -24.566132   5.506225  0.000774 16.158575 54.766354  0.375580
-1.598 .6479 -3.5716 .4798 -2.0793 3.5546 -.5299 2.8052 .3368 .7283 .2704 .4681
Mn3+     54.938045  25
9.84521 4.91797 7.87194 .294393 3.56531 10.8171 .323613 24.1281 .393974
  6.926972  2.081342 11.128379  2.375107 -0.419287 -0.093713   0.378315  0.015054  5.379957 14.429586  0.004939
-1.598 .6479 -3.5716 .4798 -2.0793 3.5546 -.5299 2.8052 .3368 .7283 .2704 .4681
Mn4+     54.938045  25
9.96253 4.8485 7.97057 .283303 2.76067 10.4852 .054447 27.573 .251877
 12.409131  7.466993  1.809947 -12.138477 10.780248  0.672146   0.300400  0.112814 12.520756  0.168653  5.173237
-1.598 .6479 -3.5716 .4798 -2.0793 3.5546 -.5299 2.8052 .3368 .7283 .2704 .4681
Fe       55.845     26
11.7695 4.7611 7.3573 .3072 3.5222 15.3535 2.3045 76.8805 1.0369 9.45
 12.311098  1.876623  3.066177  2.070451  6.975185 -0.304931   5.009415  0.014461 18.743041 82.767874  0.346506
-1.2935 .762 -2.0554 .5649 -3.3307 .4901 -1.1336 3.1974 .3463 .8444 .2886 .5448 2.56 0.40
Fe2+     55.845     26
11.0424 4.6538 7.374 .3053 4.1346 12.0546 .4399 31.2809 1.0097
 11.776765 11.165097  3.533495  0.165345  7.036932 -9.676919   4.912232  0.001748 14.166556 42.381958  0.341324
-1.2935 .762 -2.0554 .5649 -3.3307 .4901 -1.1336 3.1974 .3463 .8444 .2886 .5448
Fe3+     55.845     26
11.1764 4.6147 7.3863 .3005 3.3948 11.6729 .0724 38.5566 .9707
  9.721638 63.403847  2.141347  2.629274  7.033846 -61.930725   4.869297  0.000293  4.867602 13.539076  0.338520
-1.2935 .762 -2.0554 .5649 -3.3307 .4901 -1.1336 3.1974 .3463 .8444 .2886 .5448
Co       58.933195  27
12.2841 4.2791 7.3409 .2784 4.0034 13.5359 2.3488 71.1692 1.0118 2.49
 12.914510  2.481908  3.466894  2.106351  6.960892 -0.936572   4.507138  0.009126 16.438130 76.987317  0.314418
-1.0738 .8897 -1.5743 .6602 -2.023 .5731 -2.3653 3.6143 .3494 .9721 .305 .6296 37.18 4.8
Co2+     58.933195  27
11.2296 4.1231 7.3883 0.2726 4.7393 10.2443 .7108 25.6466 .9324
  6.993840 26.285812 12.254289  0.246114  4.017407 -24.796852   0.310779  0.000684  4.400528 35.741447 12.536393
-1.0738 .8897 -1.5743 .6602 -2.023 .5731 -2.3653 3.6143 .3494 .9721 .305 .6296
Co3+     58.933195  27
10.338 3.90969 7.88173 .238668 4.76795 8.35583 .725591 18.3491 .286667
  6.861739  2.678570 12.281889  3.501741 -0.179384 -1.147345   0.309794  0.008142  4.331703 11.914167 11.914167
-1.0738 .8897 -1.5743 .6602 -2.023 .5731 -2.3653 3.6143 .3494 .9721 .305 .6296
Ni       58.6934    28
12.8376 3.8785 7.292 .2565 4.4438 12.1763 2.38 66.3421 1.0341 10.3
 13.521865  6.947285  3.866028  2.135900  4.284731 -2.762697   4.077277  0.286763 14.622634 71.966078  0.004437
-.9005 1.0331 -1.2894 .7671 -1.5664 .6662 -3.0029 .5091 .3393 1.1124 .3147 .7232 4.49 5.2
Ni2+     58.6934    28
11.4166 3.6766 7.4005 .2449 5.3442 8.873 .9773 22.1626 .8614
 12.519017 37.832058  4.387257  0.661552  6.949072 -36.344471   3.933053  0.000442 10.449184 23.860998  0.283723
-.9005 1.0331 -1.2894 .7671 -1.5664 .6662 -3.0029 .5091 .3393 1.1124 .3147 .7232
Ni3+     58.6934    28
10.7806 3.5477 7.75868 .22314 5.22746 7.64468 .847114 16.9673 .386044
 13.579366  1.902844 12.859268  3.811005 -6.838595 -0.317618   0.313140  0.012621  3.906407 10.894311  0.344379
-.9005 1.0331 -1.2894 .7671 -1.5664 .6662 -3.0029 .5091 .3393 1.1124 .3147 .7232
Cu       63.546     29
13.338 3.5828 7.1676 .247 5.6158 11.3966 1.6735 64.8126 1.191 7.718
 14.014192  4.784577  5.056806  1.457971  6.932996 -3.254477   3.738280  0.003744 13.034982 72.554793  0.265666
-.7338 1.193 -1.0699 .8864 -1.2789 .77 -1.9646 .5888 .3201 1.2651 .324 .8257 3.78 0.55
Cu+      63.546     29
11.9475 3.3669 7.3573 .2274 6.2455 8.6625 1.5578 25.8487 .89
 12.960763 16.342150  1.110102  5.520682  6.915452 -14.849320   3.576010  0.000975 29.523218 10.114283  0.261326
-.7338 1.193 -1.0699 .8864 -1.2789 .77 -1.9646 .5888 .3201 1.2651 .324 .8257
Cu2+     63.546     29
11.8168 3.37484 7.11181 .244078 5.78135 7.9876 1.14523 19.897 1.14431
 11.895569 16.344978  5.799817  1.048804  6.789088 -14.878383   3.378519  0.000924  8.133653 20.526524  0.254741
-.7338 1.193 -1.0699 .8864 -1.2789 .77 -1.9646 .5888 .3201 1.2651 .324 .8257
Zn       65.38      30
14.0743 3.2655 7.0318 .2333 5.1652 10.3163 2.41 58.7097 1.3041 5.60
 14.741002  6.907748  4.642337  2.191766 38.424042 -36.915828   3.388232  0.243315 11.903689 63.312130  0.000397
-.6166 1.3712 -.9134 1.0193 -1.0843 .8857 -1.5491 .6778 .2839 1.4301 .3242 .9375 1.11 0.077
Zn2+     65.38      30
11.9719 2.9946 7.3862 .2031 6.4668 7.0826 1.394 18.0995 .7807
 13.340772 10.428857  5.544489  0.762295  6.869172 -8.945248   3.215913  0.001413  8.542680 21.891756  0.239215
-.6166 1.3712 -.9134 1.0193 -1.0843 .8857 -1.5491 .6778 .2839 1.4301 .3242 .9375
Ga       69.723     31
15.2354 3.0669 6.7006 .2412 4.3591 10.7805 2.9623 61.4135 1.7189 7.288
 15.758946  6.841123  4.121016  2.714681  2.395246 -0.847395   3.121754  0.226057 12.482196 66.203622  0.007238
-.4989 1.5674 -.7701 1.1663 -.92 1.0138 -1.2846 .7763 .2307 1.6083 .3179 1.0589 2.75 0.16
Ga3+     69.723     31
12.692 2.81262 6.69883 .22789 6.06692 6.36441 1.0066 14.4122 1.53545
 13.123875 35.288189  6.126979  0.611551  6.724807 -33.875122   2.809960  0.000323  6.831534 16.784311  0.212002
-.4989 1.5674 -.7701 1.1663 -.92 1.0138 -1.2846 .7763 .2307 1.6083 .3179 1.0589
Ge       72.64      32
16.0816 2.8509 6.3747 .2516 3.7068 11.4468 3.683 54.7625 2.1313 8.185
 16.540614  1.567900  3.727829  3.345098  6.785079  0.018726   2.866618  0.012198 13.432163 58.866046  0.210974
-.3858 1.7841 -.6412 1.3291 -.7781 1.1557 -1.0885 .8855 .1547 1.8001 .3016 1.1903 2.20 0.18
Ge4+     72.64      32
12.9172 2.53718 6.70003 .205855 6.06791 5.47913 .859041 11.603 1.45572
  6.876636  6.779091  9.969591  3.135857  0.152389  1.086542   2.025174  0.176650  3.573822  7.685848 16.677574
-.3858 1.7841 -.6412 1.3291 -.7781 1.1557 -1.0885 .8855 .1547 1.8001 .3016 1.1903
As       74.92160   33
16.6723 2.6345 6.0701 .2647 3.4313 12.9479 4.2779 47.7972 2.531 6.58
 17.025643  4.503441  3.715904  3.937200  6.790175 -2.984117   2.597739  0.003012 14.272119 50.437997  0.193015
-.2871 2.0194 -.526 1.5069 -.6523 1.3109 -.93 1.0051 .0499 2.0058 .2758 1.3314 4.5 0.060
Se       78.96      34
17.0006 2.4098 5.8196 .2726 3.9731 15.2372 4.3543 43.8163 2.8409 7.970
 17.354071  4.653248  4.259489  4.136455  6.749163 -3.160982   2.349787  0.002550 15.579460 45.181201  0.177432
-.1919 2.2784 -.4179 1.7027 .539 1.4821 -.7943 1.1372 -.0929 2.2259 .2367 1.4831 11.7 0.33
Br       79.904     35
17.1789 2.1723 5.2358 16.5796 5.6377 .2609 3.9851 41.4328 2.9557 6.795
 17.550570  5.411882  3.937180  3.880645  6.707793 -2.492088   2.119226 16.557185  0.002481 42.164009  0.162121
-.1095 2.5578 -.3244 1.914 -.4363 1.6673 -.6763 1.2805 -.2901 2.4595 .1811 1.6452 6.9 0.10
Br-      79.904     35
17.1718 2.2059 6.3338 19.3345 5.5754 .2871 3.7272 58.1535 3.1776
 17.714310  6.466926  6.947385  4.402674 -0.697279  1.152674   2.122554 19.050768  0.152708 58.690361 58.690372
-.1095 2.5578 -.3244 1.914 -.4363 1.6673 -.6763 1.2805 -.2901 2.4595 .1811 1.6452
Kr       83.798     36
17.3555 1.9384 6.7286 16.5623 5.5493 .2261 3.5375 39.3972 2.825 7.81
 17.655279  6.848105  4.171004  3.446760  6.685200 -2.810592   1.908231 16.606235  0.001598 39.917471  0.146896
-.0316 2.8669 -.2303 2.1472 -.339 1.8713 -.5657 1.4385 -.5574 2.7079 .1067 1.8192 25. 0.01
Rb       85.4678    37
17.1784 1.7888 9.6435 17.3151 5.1399 .2748 1.5292 164.934 3.4873 7.09
  8.123134  2.138042  6.761702  1.156051 17.679547  1.139548  15.142385 33.542666  0.129372 224.132506  1.713368
-.0247 3.1954 -.1516 2.396 -.2535 2.0893 -.4688 1.6079 -.9393 2.9676 .0068 2.0025 0.38 0.5
Rb+      85.4678    37
17.5816 1.7139 7.6598 14.7957 5.8981 .1603 2.7817 31.2087 2.0782
 17.684320  7.761588  6.680874  2.668883  0.070974  1.133263   1.710209 14.919863  0.128542 31.654478  0.128543
-.0247 3.1954 -.1516 2.396 -.2535 2.0893 -.4688 1.6079 -.9393 2.9676 .0068 2.0025
Sr       87.62      38
17.5663 1.5564 9.8184 14.0988 5.422 .1664 2.6694 132.376 2.5064 7.02
 17.730219  9.795867  6.099763  2.620025  0.600053  1.140251   1.563060 14.310868  0.120574 135.771318  0.120574
.1037 3.6029 -.0489 2.706 -.1448 2.3614 -.3528 1.82 -1.5307 3.2498 -.1172 2.2025 1.28 0.06
Sr2+     87.62      38
18.0874 1.4907 8.1373 12.6963 2.5654 24.5651 -34.193 -.0138 41.4025
 17.694973  1.275762  6.154252  9.234786  0.515995  1.125309   1.550888 30.133041  0.118774 13.821799  0.118774
.1037 3.6029 -.0489 2.706 -.1448 2.3614 -.3528 1.82 -1.5307 3.2498 -.1172 2.2025
Y        88.90585   39
17.776 1.4029 10.2946 12.8006 5.72629 .125599 3.26588 104.354 1.91213 7.75
 17.792040 10.253252  5.714949  3.170516  0.918251  1.131787   1.429691 13.132816  0.112173 108.197029  0.112173
.1263 3.9964 .0138 3.0054 -.072 2.6241 -.267 2.0244 -2.7962 3.5667 -.2879 2.4099 1.28 0.15
Y3+      88.90585   39
17.9268 1.35417 9.1531 11.2145 1.76795 22.6599 -33.108 -.01319 40.2602
 46.660366 10.369686  4.623042 -62.170835 17.471145 19.023841 -0.019971 13.180257  0.176398 -0.016727  1.467348
.1263 3.9964 .0138 3.0054 -.072 2.6241 -.267 2.0244 -2.7962 3.5667 -.2879 2.4099
Zr       91.224     40
17.8765 1.27618 10.948 11.916 5.41732 .117622 3.65721 87.6627 2.06929 7.16
 17.859771 10.911038  5.821115  3.512513  0.746965  1.124859   1.310692 12.319285  0.104353 91.777544  0.104353
.1338 4.4226 .0659 3.3301 -.0066 2.9086 -.1862 2.2449 -2.9673 .5597 -.5364 2.6141 0.185 0.02
Zr4+     91.224     40
18.1668 1.2148 10.0562 10.1483 1.01118 21.6054 -2.6479 -.10276 9.41454
  6.802956 17.699253 10.650647 -0.248108  0.250338  0.827902   0.096228  1.296127 11.240715 -0.219259 -0.219021
.1338 4.4226 .0659 3.3301 -.0066 2.9086 -.1862 2.2449 -2.9673 .5597 -.5364 2.6141
Nb       92.90638   41
17.6142 1.18865 12.0144 11.766 4.04183 .204785 3.53346 69.7957 3.75591 7.054
 17.958398 12.063054  5.007015  3.287667  1.531019  1.123452   1.211590 12.246687  0.098615 75.011944  0.098615
-.1211 4.8761 .1072 3.6768 .0496 3.2133 -.1121 2.4826 -2.0727 .6215 -.8282 2.8404 1.15 0.0024
Nb3+     92.90638   41
19.8812 .019175 18.0653 1.13305 11.0177 10.1621 1.94715 28.3389 -12.912
 17.714323  1.675213  7.483963  8.322464 11.143573 -8.339573   1.172419 30.102791  0.080255 -0.002983 10.456687
-.1211 4.8761 .1072 3.6768 .0496 3.2133 -.1121 2.4826 -2.0727 .6215 -.8282 2.8404
Nb5+     92.90638   41
17.9163 1.12446 13.3417 .028781 10.799 9.28206 .337905 25.7228 -6.3934
 17.580206  7.633277 10.793497  0.180884 67.837921 -68.024780   1.165852  0.078558  9.507652 31.621656 -0.000438
-.1211 4.8761 .1072 3.6768 .0496 3.2133 -.1121 2.4826 -2.0727 .6215 -.8282 2.8404
Mo       95.96      42
3.7025 .2772 17.2356 1.0958 12.8876 11.004 3.7429 61.6584 4.3875 6.715
  6.236218 17.987711 12.973127  3.451426  0.210899  1.108770   0.090780  1.108310 11.468720 66.684153  0.090780
-.0801 5.3484 .1301 4.0388 .0904 3.5326 -.0483 2.7339 -1.6832 .6857 -1.2703 3.0978 2.48 0.04
Mo3+     95.96      42
21.1664 .014734 18.2017 1.03031 11.7423 9.53659 2.30951 26.6307 -14.421
  7.447050 17.778122 11.886068  1.997905  1.789626 -1.898764   0.072000  1.073145  9.834720 28.221746 -0.011674
-.0801 5.3484 .1301 4.0388 .0904 3.5326 -.0483 2.7339 -1.6832 .6857 -1.2703 3.0978
Mo5+     95.96      42
21.0149 .014345 18.0992 1.02238 11.4632 8.78809 .740625 23.3452 -14.316
  7.929879 17.667669 11.515987  0.500402 77.444084 -78.056595   0.068856  1.068064  9.046229 26.558945 -0.000473
-.0801 5.3484 .1301 4.0388 .0904 3.5326 -.0483 2.7339 -1.6832 .6857 -1.2703 3.0978
Mo6+     95.96      42
17.8871 1.03649 11.175 8.48061 6.57891 .058881 .0 .0 .344941
 34.757683  9.653037  6.584769 -18.628115  2.490594  1.141916   1.301770  7.123843  0.094097  1.617443 12.335434
-.0801 5.3484 .1301 4.0388 .0904 3.5326 -.0483 2.7339 -1.6832 .6857 -1.2703 3.0978
Tc       98.        43
19.1301 .864132 11.0948 8.14487 4.64901 21.5707 2.71263 86.8472 5.40428 6.8
 17.840964  3.428236  1.373012 12.947364  6.335469  1.074784   1.005729 41.901383 119.320541  9.781542  0.083391
-.0025 5.8597 .1314 4.4331 .1164 3.8799 .0057 3.0049 -1.439 .7593 -2.0087 3.349 20. 0
Ru       101.07     44
19.2674 .80852 12.9182 8.43467 4.86337 24.7997 1.56756 94.2928 5.37874 7.03
  6.271624 17.906739 14.123269  3.746008  0.908235  1.043992   0.077040  0.928222  9.555345 35.860678 123.552247
-.1091 6.4069 .122 4.854 .1331 4.2509 .0552 3.296 -1.2594 .8363 -5.363 3.6506 2.56 0.4
Ru3+     101.07     44
18.5638 .847329 13.2885 8.37164 9.32602 .017662 3.00964 22.887 -3.1892
 17.894758 13.579529 10.729251  2.474095 48.227997 -51.905243   0.902827  8.740579  0.045125 24.764954 -0.001699
-.1091 6.4069 .122 4.854 .1331 4.2509 .0552 3.296 -1.2594 .8363 -5.363 3.6506
Ru4+     101.07     44
18.5003 .844582 13.1787 8.12534 4.71304 .036495 2.18535 20.8504 1.42357
 17.845776 13.455084 10.229087  1.653524 14.059795 -17.241762   0.901070  8.482392  0.045972 23.015272 -0.004889
-.1091 6.4069 .122 4.854 .1331 4.2509 .0552 3.296 -1.2594 .8363 -5.363 3.6506
Rh       102.90550  45
19.2957 .751536 14.3501 8.21758 4.73425 25.8749 1.28918 98.6062 5.328 5.88
  6.216648 17.919738  3.854252  0.840326 15.173498  0.995452   0.070789  0.856121 33.889484 121.686688  9.029517
-.263 6.982 .0861 5.2985 .1305 4.6432 .0927 3.6045 -1.1178 .9187 -2.528 .5964 144.8 0
Rh3+     102.90550  45
18.8785 .764252 14.1259 7.84438 3.32515 21.2487 -6.1989 -.01036 11.8678
 17.758621 14.569813  5.298320  2.533579  0.879753  0.960843   0.841779  8.319533  0.069050 23.709131  0.069050
-.263 6.982 .0861 5.2985 .1305 4.6432 .0927 3.6045 -1.1178 .9187 -2.528 .5964
Rh4+     102.90550  45
18.8545 .760825 13.9806 7.62436 2.53464 19.3317 -5.6526 -.0102 11.2835
 17.716188 14.446654  5.185801  1.703448  0.989992  0.959941   0.840572  8.100647  0.068995 22.357307  0.068995
-.263 6.982 .0861 5.2985 .1305 4.6432 .0927 3.6045 -1.1178 .9187 -2.528 .5964
Pd       106.42     46
19.3319 .698655 15.5017 7.98929 5.29537 25.2052 .605844 76.8986 5.26593 5.91
  6.121511  4.784063 16.631683  4.318258 13.246773  0.883099   0.062549  0.784031  8.751391 34.489983  0.784031
-.464 7.5938 .0279 5.7719 .1128 5.0613 .1215 3.9337 -.9988 1.0072 -1.9556 .6546 6.9 0.093
Pd2+     106.42     46
19.1701 .696219 15.2096 7.55573 4.32234 22.5057 .0 .0 5.2916
  6.122282 15.651012  3.513508  9.060790  8.771199  0.879336   0.062424  8.018296 24.784275  0.776457  0.776457
-.464 7.5938 .0279 5.7719 .1128 5.0613 .1215 3.9337 -.9988 1.0072 -1.9556 .6546
Pd4+     106.42     46
19.2493 .683839 14.79 7.14833 2.89289 17.9144 -7.9492 .005127 13.0174
  6.152421 -96.069023 31.622141 81.578255 17.801403  0.915874   0.063951 11.090354 13.466152  9.758302  0.783014
-.464 7.5938 .0279 5.7719 .1128 5.0613 .1215 3.9337 -.9988 1.0072 -1.9556 .6546
Ag       107.8682   47
19.2808 .6446 16.6885 7.4726 4.8045 24.6605 1.0463 99.8156 5.179 5.922
  6.073874 17.155437  4.173344  0.852238 17.988685  0.756603   0.055333  7.896512 28.443739 110.376108  0.716809
-.7387 8.2358 -.07 6.2709 .0634 5.5027 .1306 4.282 -.8971 1.1015 -1.6473 .7167 63.3 0.58
Ag+      107.8682   47
19.1812 .646179 15.9719 7.19123 5.27475 21.7326 .357534 66.1147 5.21572
  6.091192  4.019526 16.948174  4.258638 13.889437  0.785127   0.056305  0.719340  7.758938 27.368349  0.719340
-.7387 8.2358 -.07 6.2709 .0634 5.5027 .1306 4.282 -.8971 1.1015 -1.6473 .7167
Ag2+     107.8682   47
19.1643 .645643 16.2456 7.18544 4.3709 21.4072 .0 .0 5.21404
  6.401808 48.699802  4.799859 -32.332523 16.356710  1.068247   0.068167  0.942270 20.639496  1.100365  6.883131
-.7387 8.2358 -.07 6.2709 .0634 5.5027 .1306 4.282 -.8971 1.1015 -1.6473 .7167
Cd       112.411    48
19.2214 .5946 17.6444 6.9089 4.461 24.7008 1.6029 87.4825 5.0694 4.87
  6.080986 18.019468  4.018197  1.303510 17.974669  0.603504   0.048990  7.273646 29.119283 95.831208  0.661231
-1.1086 8.9174 -.2163 6.8017 -.0214 5.9728 .1185 4.6533 -.8075 1.2024 -1.4396 .7832 2520. 3.46
Cd2+     112.411    48
19.1514 .597922 17.2535 6.80639 4.47128 20.2521 .0 .0 5.11937
  6.093711 43.909691 17.041306 -39.675117 17.958918  0.664795   0.050624  8.654143 15.621396 11.082067  0.667591
-1.1086 8.9174 -.2163 6.8017 -.0214 5.9728 .1185 4.6533 -.8075 1.2024 -1.4396 .7832
In       114.818    49
19.1624 .5476 18.5596 6.3776 4.2948 25.8499 2.0396 92.8029 4.9391 4.065
  6.196477 18.816183  4.050479  1.638929 17.962912  0.333097   0.042072  6.695665 31.009791 103.284350  0.610714
-1.5975 9.629 -.4165 7.3594 -.1473 6.4674 .0822 5.0449 -.7276 1.31 -1.2843 .8542 193.8 0.54
In3+     114.818    49
19.1045 .551522 18.1108 6.3247 3.78897 17.3595 .0 .0 4.99635
  6.206277 18.497746  3.078131 10.524613  7.401234  0.293677   0.041357  6.605563 18.792250  0.608082  0.608082
-1.5975 9.629 -.4165 7.3594 -.1473 6.4674 .0822 5.0449 -.7276 1.31 -1.2843 .8542
Sn       118.710    50
19.1889 5.8303 19.1005 .5031 4.4585 26.8909 2.4663 83.9571 4.7821 6.225
 19.325171  6.281571  4.498866  1.856934 17.917318  0.119024   6.118104  0.036915 32.529047 95.037182  0.565651
-2.2019 10.3742 -.6686 7.9473 -.3097 6.9896 .0259 5.4591 -.6537 1.4246 -1.1587 .9299 0.626 0.022
Sn2+     118.710    50
19.1094 .5036 19.0548 5.8378 4.5648 23.3752 .487 62.2061 4.7861
  6.353672  4.770377 14.672025  4.235959 18.002131 -0.042519   0.034720  6.167891  6.167879 29.006456  0.561774
-2.2019 10.3742 -.6686 7.9473 -.3097 6.9896 .0259 5.4591 -.6537 1.4246 -1.1587 .9299
Sn4+     118.710    50
18.9333 5.764 19.7131 .4655 3.4182 14.0049 .0193 -.7583 3.9182
 15.445732  6.420892  4.562980  1.713385 18.033537 -0.172219   6.280898  0.033144  6.280899 17.983601  0.557980
-2.2019 10.3742 -.6686 7.9473 -.3097 6.9896 .0259 5.4591 -.6537 1.4246 -1.1587 .9299
Sb       121.760    51
19.6418 5.3034 19.0455 .4607 5.0371 27.9074 2.6827 75.2825 4.5909 5.57
  5.394956  6.549570 19.650681  1.827820 17.867833 -0.290506  33.326523  0.030974  5.564929 87.130965  0.523992
-3.0637 11.1026 -.9868 8.562 -.5189 7.5367 -.0562 5.8946 -.5866 1.5461 -1.0547 1.0104 4.91 0.00
Sb3+     121.760    51
18.9755 .467196 18.933 5.22126 5.10789 19.5902 .288753 55.5113 4.69626
 10.189171 57.461918 19.356573  4.862206 -45.394096  1.516108   0.089485  0.375256  5.357987 22.153736  0.297768
-3.0637 11.1026 -.9868 8.562 -.5189 7.5367 -.0562 5.8946 -.5866 1.5461 -1.0547 1.0104
Sb5+     121.760    51
19.8685 5.44853 19.0302 .467973 2.41253 14.1259 .0 .0 4.69263
 17.920622  6.647932 12.724075  1.555545  7.600591 -0.445371   0.522315  0.029487  5.718210 16.433775  5.718204
-3.0637 11.1026 -.9868 8.562 -.5189 7.5367 -.0562 5.8946 -.5866 1.5461 -1.0547 1.0104
Te       127.60     52
19.9644 4.81742 19.0138 .420885 6.14487 28.5284 2.5239 70.8403 4.352 5.80
  6.660302  6.940756 19.847015  1.557175 17.802427 -0.806668  33.031656  0.025750  5.065547 84.101613  0.487660
-4.2407 11.8079 -1.4022 9.2067 -.7914 8.1113 -.1759 6.3531 -.5308 1.6751 -.971 1.096 4.05 0.09
I        126.90447  53
20.1472 4.347 18.9949 .3814 7.5138 27.766 2.2735 66.8776 4.0712 5.28
 19.884502  6.736593  8.110516  1.170953 17.548715 -0.448811   4.628591  0.027754 31.849096 84.406391  0.463550
-5.6353 12.6156 -1.9032 9.8852 -1.1275 8.7159 -.3257 6.8362 -.4742 1.8119 -.8919 1.1868 6.15 0.31
I-       126.90447  53
20.2332 4.3579 18.997 .3815 7.8069 29.5259 2.8868 84.9304 4.0714
 20.010330 17.835524  8.104130  2.231118  9.158548 -3.341004   4.565931  0.444266 32.430672 95.149040  0.014906
-5.6353 12.6156 -1.9032 9.8852 -1.1275 8.7159 -.3257 6.8362 -.4742 1.8119 -.8919 1.1868
Xe       131.293    54
20.2933 3.9282 19.0298 .344 8.9767 26.4659 1.99 64.2658 3.7118 4.92
 19.978920 11.774945  9.332182  1.244749 17.737501 -6.065902   4.143356  0.010142 28.796199 75.280688  0.413616
-8.1899 11.7407 -2.6313 10.5776 -1.5532 9.3585 -.5179 7.35 -.4205 1.9578 -.82 1.2838 23.9 0
Cs       132.905452 55
20.3892 3.569 19.1062 .3107 10.662 24.3879 1.4953 213.904 3.3352 5.42
 17.418675  8.314444 10.323193  1.383834 19.876252 -2.322802   0.399828  0.016872 25.605828 233.339674  3.826915
-10.331 12.8551 -3.5831 11.2902 -2.1433 10.0454 -.7457 7.9052 -.368 2.1192 -.7527 1.3916 29.0 0.21
Cs+      132.905452 55
20.3524 3.552 19.1278 .3086 10.2821 23.7128 .9615 59.4565 3.2791
 19.939056 24.967621 10.375884  0.454243 17.660248 -19.394306   3.770511  0.004040 25.311275 76.537766  0.384730
-10.331 12.8551 -3.5831 11.2902 -2.1433 10.0454 -.7457 7.9052 -.368 2.1192 -.7527 1.3916
Ba       137.327    56
20.3361 3.216 19.297 .2756 10.888 20.2073 2.6959 167.202 2.7731 5.07
 19.747344 17.368476 10.465718  2.592602 11.003653 -5.183497   3.481823  0.371224 21.226641 173.834271  0.010719
-11.0454 10.0919 -4.6472 12.0003 -2.7946 10.7091 -1.0456 8.4617 -.3244 2.2819 -.694 1.5004 1.1 0.15
Ba2+     137.327    56
20.1807 3.21367 19.1136 .28331 10.9054 20.0558 .773634 51.746 3.02902
 19.750200 17.513683 10.884892  0.321585 65.149834 -59.618172   3.430748  0.361590 21.358307 70.309402  0.001418
-11.0454 10.0919 -4.6472 12.0003 -2.7946 10.7091 -1.0456 8.4617 -.3244 2.2819 -.694 1.5004
La       138.90547  57
20.578 2.94817 19.599 .244475 11.3727 18.7726 3.28719 133.124 2.14678 8.24
 19.966018 27.329654 11.018425  3.086696 17.335454 -21.745489   3.197408  0.003446 19.955492 141.381979  0.341817
-12.819 3.5648 -6.3557 12.8927 -3.6566 11.4336 -1.4094 9.0376 -.2871 2.4523 -.6411 1.6148 8.97 1.13
La3+     138.90547  57
20.2489 2.9207 19.3763 .250698 11.6323 17.8211 .336048 54.9453 2.4086
 19.688887 17.345703 11.356296  0.099418 82.358124 -76.846909   3.146211  0.339586 18.753832 90.345459  0.001072
-12.819 3.5648 -6.3557 12.8927 -3.6566 11.4336 -1.4094 9.0376 -.2871 2.4523 -.6411 1.6148
Ce       140.116    58
21.1671 2.81219 19.7695 .226836 11.8513 17.6083 3.33049 127.113 1.86264 4.84
 17.355121 43.988498 20.546650  3.130670 11.353665 -38.386017   0.328369  0.002047  3.088196 134.907661 18.832961
-9.3304 3.8433 -8.0962 11.8734 -4.8792 12.135 -1.8482 9.6596 -.2486 2.6331 -.589 1.7358 0.63 0.00
Ce3+     140.116    58
20.8036 2.77691 19.559 .23154 11.9369 16.5408 .612376 43.1692 2.09013
 26.593231 85.866432 -6.677695 12.111847 17.401903 -80.313423   3.280381  0.001012  4.313575 17.868504  0.326962
-9.3304 3.8433 -8.0962 11.8734 -4.8792 12.135 -1.8482 9.6596 -.2486 2.6331 -.589 1.7358
Ce4+     140.116    58
20.3235 2.65941 19.8186 .21885 12.1233 15.7992 .144583 62.2355 1.5918
 17.457533 25.659941 11.691037 19.695251 -16.994749 -3.515096   0.311812 -0.003793 16.568687  2.886395 -0.008931
-9.3304 3.8433 -8.0962 11.8734 -4.8792 12.135 -1.8482 9.6596 -.2486 2.6331 -.589 1.7358
Pr       140.90765  59
22.044 2.77393 19.6697 .222087 12.3856 16.7669 2.82428 143.644 2.0583 4.58
 21.551311 17.161729 11.903859  2.679103  9.564197 -3.871068   2.995675  0.312491 17.716705 152.192827  0.010468
-7.9841 4.1304 -10.9279 9.2394 -6.7923 12.8653 -2.4164 10.282 -.218 2.8214 -.5424 1.8624 11.5 0.015
Pr3+     140.90765  59
21.3727 2.6452 19.7491 .214299 12.1329 15.323 .97518 36.4065 1.77132
 20.879841 36.035797 12.135341  0.283103 17.167803 -30.500784   2.870897  0.002364 16.615236 53.909359  0.306993
-7.9841 4.1304 -10.9279 9.2394 -6.7923 12.8653 -2.4164 10.282 -.218 2.8214 -.5424 1.8624
Pr4+     140.90765  59
20.9413 2.54467 20.0539 .202481 12.4668 14.8137 .296689 45.4643 1.24285
 17.496082 21.538509 20.403114 12.062211 -7.492043 -9.016722   0.294457 -0.002742  2.772886 15.804613 -0.013556
-7.9841 4.1304 -10.9279 9.2394 -6.7923 12.8653 -2.4164 10.282 -.218 2.8214 -.5424 1.8624
Nd       144.242    60
22.6845 2.66248 19.6847 .210628 12.774 15.885 2.85137 137.903 1.98486 7.69
 17.331244 62.783923 12.160097  2.663483 22.239951 -57.189844   0.300269  0.001320 17.026001 148.748986  2.910268
-7.1451 4.4278 -10.5249 9.9814 -8.1618 11.9121 -3.1807 10.9097 -.1943 3.0179 -.5012 1.995 50.5 9.2
Nd3+     144.242    60
21.961 2.52722 19.9339 .199237 12.12 14.1783 1.51031 30.8717 1.47588
 17.120077 56.038139 21.468307 10.000671  2.905866 -50.541992   0.291295  0.001421  2.743681 14.581367 22.485098
-7.1451 4.4278 -10.5249 9.9814 -8.1618 11.9121 -3.1807 10.9097 -.1943 3.0179 -.5012 1.995
Pm       145.       61
23.3405 2.5627 19.6095 .202088 13.1235 15.1009 2.87516 132.721 2.02876 12.6
 17.286388 51.560161 12.478557  2.675515 22.960947 -45.973681   0.286620  0.001550 16.223755 143.984513  2.796480
-6.5334 4.7422 -13.2062 3.6278 -10.072 9.2324 -4.0598 11.5523 -.1753 3.2249 -.4626 2.1347 168.4 1.3
Pm3+     145.       61
22.5527 2.4174 20.1108 .185769 12.0671 13.1275 2.07492 27.4491 1.19499
 22.221066 17.068142 12.805423  0.435687 52.238770 -46.767181   2.635767  0.277039 14.927315 45.768017  0.001455
-6.5334 4.7422 -13.2062 3.6278 -10.072 9.2324 -4.0598 11.5523 -.1753 3.2249 -.4626 2.1347
Sm       150.36     62
24.0042 2.47274 19.4258 .196451 13.4396 14.3996 2.89604 128.007 2.20963 0.80
 23.700364 23.072215 12.777782  2.684217 17.204366 -17.452166   2.689539  0.003491 15.495437 139.862475  0.274536
-6.057 5.0744 -9.3497 3.8839 -10.2609 9.9412 -5.3236 12.2178 -.1638 3.4418 -.4287 2.2815 5922. 39.
Sm3+     150.36     62
23.1504 2.31641 20.2599 .174081 11.9202 12.1571 2.71488 24.8242 .954586
 15.618565 19.538092 13.398946 -4.358811 24.490461 -9.714854   0.006001  0.306379 14.979594  0.748825  2.454492
-6.057 5.0744 -9.3497 3.8839 -10.2609 9.9412 -5.3236 12.2178 -.1638 3.4418 -.4287 2.2815
Eu       151.964    63
24.6274 2.3879 19.0886 .1942 13.7603 13.7546 2.9227 123.174 2.5745 7.22
 17.186195 37.1568379 13.103387  2.707246 24.419271 -31.586687   0.261678  0.001995 14.787360 134.816293  2.581883
-5.663 5.4178 -7.9854 4.1498 -13.5405 3.655 -8.9294 11.1857 -.1578 3.6682 -.3977 2.4351 4530. 2.5
Eu2+     151.964    63
24.0063 2.27783 19.9504 .17353 11.8034 11.6096 3.87243 26.5156 1.36389
 23.899035 31.657497 12.955752  1.700576 16.992199 -26.204315   2.467332  0.002230 13.625002 35.089481  0.253136
-5.663 5.4178 -7.9854 4.1498 -13.5405 3.655 -8.9294 11.1857 -.1578 3.6682 -.3977 2.4351
Eu3+     151.964    63
23.7497 2.22258 20.3745 .16394 11.8509 11.311 3.26503 22.9966 .759344
 17.758327 33.498665 24.067188 13.436883 -9.019134 -19.768026   0.244474 -0.003901  2.487526 14.568011 -0.015628
-5.663 5.4178 -7.9854 4.1498 -13.5405 3.655 -8.9294 11.1857 -.1578 3.6682 -.3977 2.4351
Gd       157.25     64
25.0709 2.25341 19.0798 .181951 13.8518 12.9331 3.54545 101.398 2.4196 6.5
 24.898118 17.104951 13.222581  3.266152 48.995214 -43.505684   2.435028  0.246961 13.996325 110.863093  0.001383
-5.3778 5.7756 -7.1681 4.428 -9.3863 3.9016 -8.838 11.9157 -.1653 3.9035 -.3741 2.5954 49700. 151.
Gd3+     157.25     64
24.3466 2.13553 20.4208 .155525 11.8708 10.5782 3.7149 21.7029 .645089
 24.344999 16.945311 13.866931  0.481674 93.506378 -88.147179   2.333971  0.239215 12.982995 43.876347  0.000673
-5.3778 5.7756 -7.1681 4.428 -9.3863 3.9016 -8.838 11.9157 -.1653 3.9035 -.3741 2.5954
Tb       158.92535  65
25.8976 2.24256 18.2185 0.196143 14.3167 12.6648 2.95354 115.362 3.58324 7.38
 25.910013 32.344139 13.765117  2.751404 17.064405 -26.851970   2.373912  0.002034 13.481969 125.836511  0.236916
-5.0951 6.1667 -6.5583 4.7292 -8.0413 4.1674 -9.1472 9.1891 -.1723 4.1537 -.3496 2.7654 23.4 0.004
Tb3+     158.92535  65
24.9559 2.05601 20.3271 .149525 12.2471 10.0499 3.773 21.2773 .691967
 24.878252 16.856016 13.663937  1.279671 39.271294 -33.950317   2.223301  0.227290 11.812528 29.910065  0.001527
-5.0951 6.1667 -6.5583 4.7292 -8.0413 4.1674 -9.1472 9.1891 -.1723 4.1537 -.3496 2.7654
Dy       162.50     66
26.507 2.1802 17.6383 .202172 14.5596 12.1899 2.96577 111.874 4.29728 16.9
 26.671785 88.687577 14.065445  2.768497 17.067782 -83.279831   2.282593  0.000665 12.920230 121.937188  0.225531
-4.8149 6.5527 -6.0597 5.028 -7.1503 4.432 -9.8046 9.8477 -.1892 4.4098 -.3302 2.9404 994. 54.4
Dy3+     162.50     66
25.5395 1.9804 20.2861 .143384 11.9812 9.34972 4.50073 19.581 .68969
 16.864344 90.383461 13.675473  1.687078 25.540651 -85.150650   0.216275  0.000593 11.121207 26.250975  2.135930
-4.8149 6.5527 -6.0597 5.028 -7.1503 4.432 -9.8046 9.8477 -.1892 4.4098 -.3302 2.9404
Ho       164.93032  67
26.9049 2.07051 17.294 .19794 14.5583 11.4407 3.63837 92.6566 4.56796 8.01
 27.150190 16.999819 14.059334  3.386979 46.546471 -41.165253   2.169660  0.215414 12.213148 100.506781  0.001211
-4.5887 6.9619 -5.6628 5.3451 -6.5338 4.7129 -14.9734 3.7046 -.2175 4.6783 -.3168 3.1241 64.7 0.36
Ho3+     164.93032  67
26.1296 1.91072 20.0994 .139358 11.9788 8.80018 4.93676 18.5908 .852795
 16.837524 63.221336 13.703766  2.061602 26.202621 -58.026505   0.206873  0.000796 10.500283 24.031883  2.055060
-4.5887 6.9619 -5.6628 5.3451 -6.5338 4.7129 -14.9734 3.7046 -.2175 4.6783 -.3168 3.1241
Er       167.259    68
27.6563 2.07356 16.4285 .223545 14.9779 11.3604 2.98233 105.703 5.92046 7.79
 28.174886 82.493269 14.624002  2.802756 17.018515 -77.135223   2.120995  0.000640 11.915256 114.529936  0.207519
-4.4106 7.391 -5.3448 5.6776 -6.0673 5.0074 -9.4367 3.938 -.2586 4.9576 -.3091 3.3158 159. 1.1
Er3+     167.259    68
26.722 1.84659 19.7748 .13729 12.1506 8.36225 5.17379 17.8974 1.17613
 16.810127 22.681061 13.864114  2.294506 26.864477 -17.513460   0.198293  0.002126  9.973341 22.836388  1.979442
-4.4106 7.391 -5.3448 5.6776 -6.0673 5.0074 -9.4367 3.938 -.2586 4.9576 -.3091 3.3158
Tm       168.93421  69
28.1819 2.02859 15.8851 .238849 15.1542 10.9975 2.98706 102.961 6.75621 7.07
 28.925894 76.173796 14.904704  2.814812 16.998117 -70.839813   2.046203  0.000656 11.465375 111.411979  0.199376
-4.2698 7.8385 -5.0823 6.0249 -5.6969 5.3151 -8.0393 4.1821 -.3139 5.2483 -.3084 3.5155 100. 0.10
Tm3+     168.93421  69
27.3083 1.78711 19.332 .136974 12.3339 7.96778 5.38348 17.2922 1.63929
 16.787500 15.350905 14.182357  2.299111 27.573771 -10.192087   0.190852  0.003036  9.602934 22.526880  1.912862
-4.2698 7.8385 -5.0823 6.0249 -5.6969 5.3151 -8.0393 4.1821 -.3139 5.2483 -.3084 3.5155
Yb       173.054    70
28.6641 1.9889 15.4345 .257119 15.3087 10.6647 2.98963 100.417 7.56672 12.43
 29.676760 65.624068 15.160854  2.830288 16.997850 -60.313812   1.977630  0.000720 11.044622 108.139150  0.192110
-4.1523 8.2969 -4.8591 6.3813 -5.394 5.6309 -7.2108 4.4329 -.385 5.5486 -.3157 3.7229 34.8 4.0
Yb2+     173.054    70
28.1209 1.78503 17.6817 .15997 13.3335 8.18304 5.14657 20.39 3.70983
 28.443794 16.849527 14.165081  3.445311 28.308853 -23.214935   1.863896  0.183811  9.225469 23.691355  0.001463
-4.1523 8.2969 -4.8591 6.3813 -5.394 5.6309 -7.2108 4.4329 -.385 5.5486 -.3157 3.7229
Yb3+     173.054    70
27.8917 1.73272 18.7614 0.13879 12.6072 7.64412 5.47647 16.8153 2.26001
 28.191629 16.828087 14.167848  2.744962 23.171774 -18.103676   1.842889  0.182788  9.045957 20.799847  0.001759
-4.1523 8.2969 -4.8591 6.3813 -5.394 5.6309 -7.2108 4.4329 -.385 5.5486 -.3157 3.7229
Lu       174.9668   71
28.9476 1.90182 15.2208 9.98519 15.1 .261033 3.71601 84.3298 7.97628 7.21
 30.122865 15.099346 56.314899  3.540980 16.943730 -51.049417   1.883090 10.342764  0.000780 89.559248  0.183849
-4.063 8.7649 -4.6707 6.7484 -5.136 5.9574 -6.6179 4.6937 -.472 5.8584 -.3299 3.9377 74. 0.7
Lu3+     174.9668   71
28.4628 1.68216 18.121 .142292 12.8429 7.33727 5.59415 16.3535 2.97573
 28.828693 16.823227 14.247617  3.079559 25.647667 -20.626528   1.776641  0.175560  8.575531 19.693701  0.001453
-4.063 8.7649 -4.6707 6.7484 -5.136 5.9574 -6.6179 4.6937 -.472 5.8584 -.3299 3.9377
Hf       178.49     72
29.144 1.83262 15.1726 9.5999 14.7586 .275116 4.30013 72.029 8.58154 7.77
 30.617033 15.145351 54.933548  4.096253 16.896157 -49.719838   1.795613  9.934469  0.000739 76.189707  0.175914
-4.0564 9.2832 -4.4593 7.1518 -4.9466 6.315 -6.1794 4.9776 -.583 6.1852 -.3548 4.1643 104.1 2.6
Hf4+     178.49     72
28.8131 1.59136 18.4601 .128903 12.7285 6.76232 5.59927 14.0366 2.39699
 29.267378 16.792543 14.785310  2.184128 23.791996 -18.820383   1.697911  0.168313  8.190025 18.277578  0.001431
-4.0564 9.2832 -4.4593 7.1518 -4.9466 6.315 -6.1794 4.9776 -.583 6.1852 -.3548 4.1643
Ta       180.94788  73
29.2024 1.77333 15.2293 9.37046 14.5135 .295977 4.76492 63.3644 9.24354 6.91
 31.066358 15.341823 49.278296  4.577665 16.828321 -44.119025   1.708732  9.618455  0.000760 66.346202  0.168002
-3.986 9.8171 -4.3912 7.5686 -4.7389 6.685 -5.7959 5.2718 -.7052 6.5227 -.3831 4.3992 20.6 0.01
Ta5+     180.94788  73
29.1587 1.50711 18.8407 .116741 12.8268 6.31524 5.38695 12.4244 1.78555
 29.539469 16.741854 15.182070  1.642916 16.437447 -11.542459   1.612934  0.160460  7.654408 17.070732  0.001858
-3.986 9.8171 -4.3912 7.5686 -4.7389 6.685 -5.7959 5.2718 -.7052 6.5227 -.3831 4.3992
W        183.84     74
29.0818 1.72029 15.43 9.2259 14.4327 .321703 5.11982 57.056 9.8875 4.86
 31.507901 15.682498 37.960127  4.885509 16.792113 -32.864576   1.629485  9.446448  0.000898 59.980675  0.160798
-3.927 10.3696 -4.2486 8.0005 -4.5529 7.0688 -5.4734 5.5774 -.849 6.8722 -.4201 4.643 18.3 1.63
W6+      183.84     74
29.4936 1.42755 19.3763 .104621 13.0544 5.93667 5.06412 11.1972 1.01074
 29.729357 17.247808 15.184488  1.154652  0.739335  3.945157   1.501648  0.140803  6.880573 14.299601 14.299618
-3.927 10.3696 -4.2486 8.0005 -4.5529 7.0688 -5.4734 5.5774 -.849 6.8722 -.4201 4.643
Re       186.207    75
28.7621 1.67191 15.7189 9.09227 14.5564 .3505 5.44174 52.0861 10.472 9.2
 31.888456 16.117103 42.390296  5.211669 16.767591 -37.412681   1.549238  9.233474  0.000689 54.516371  0.152815
-3.9052 10.9346 -4.139 8.4435 -4.402 7.4631 -5.2083 5.8923 -1.0185 7.231 -.4693 4.8944 89.7 0.9
Os       190.23     76
28.1894 1.62903 16.155 8.97948 14.9305 .382661 5.67589 48.1647 11.0005 10.7
 32.210298 16.678440 48.559907  5.455839 16.735532 -43.677954   1.473531  9.049695  0.000519 50.210201  0.145771
-3.9016 11.5251 -4.0478 8.9067 -4.2711 7.8753 -4.9801 6.2216 -1.2165 7.603 -.528 5.1558 16.0 0.3
Os4+     190.23     76
30.419 1.37113 15.2637 6.84706 14.7458 .165191 5.06795 18.003 6.49804
 17.113485 15.792370 23.342392  4.090271  7.671292  3.988390   0.131850  7.288542  1.389307 19.629425  1.389307
-3.9016 11.5251 -4.0478 8.9067 -4.2711 7.8753 -4.9801 6.2216 -1.2165 7.603 -.528 5.1558
Ir       192.217    77
27.3049 1.59279 16.7296 8.86553 15.6115 .417916 5.83377 45.0011 11.4722 10.6
 32.004437  1.975454 17.070104 15.939454  5.990003  4.018893   1.353767 81.014172  0.128093  7.661196 26.659403
-3.9049 12.1453 -3.9606 9.3923 -4.1463 8.3074 -4.771 6.5667 -1.4442 7.9887 -.5977 5.4269 425.3 0.
Ir3+     192.217    77
30.4156 1.34323 15.862 7.10909 13.6145 .204633 5.82008 20.3254 8.27903
 31.537575 16.363338 15.597141  5.051404  1.436935  4.009459   1.334144  7.451918  0.127514 21.705648  0.127515
-3.9049 12.1453 -3.9606 9.3923 -4.1463 8.3074 -4.771 6.5667 -1.4442 7.9887 -.5977 5.4269
Ir4+     192.217    77
30.7058 1.30923 15.5512 6.71983 14.2326 .167252 5.53672 17.4911 6.96824
 30.391249 16.146996 17.019068  4.458904  0.975372  4.006865   1.328519  7.181766  0.127337 19.060146  1.328519
-3.9049 12.1453 -3.9606 9.3923 -4.1463 8.3074 -4.771 6.5667 -1.4442 7.9887 -.5977 5.4269
Pt       195.084    78
27.0059 1.51293 17.7639 8.81174 15.7131 .424593 5.7837 38.6103 11.6883 9.60
 31.273891 18.445441 17.063745  5.555933  1.575270  4.050394   1.316992  8.797154  0.124741 40.177994  1.316997
-3.9435 12.791 -3.8977 9.8985 -4.0461 8.7578 -4.5932 6.9264 -1.7033 8.3905 -.6812 5.7081 10.3 0.13
Pt2+     195.084    78
29.8429 1.32927 16.7224 7.38979 13.2153 .263297 6.35234 22.9426 9.85329
 31.986849 17.249048 15.269374  5.760234  1.694079  4.032512   1.281143  7.625512  0.123571 24.190826  0.123571
-3.9435 12.791 -3.8977 9.8985 -4.0461 8.7578 -4.5932 6.9264 -1.7033 8.3905 -.6812 5.7081
Pt4+     195.084    78
30.9612 1.24813 15.9829 6.60834 13.7348 .16864 5.92034 16.9392 7.39534
 41.932713 16.339224 17.653894  6.012420 -12.036877  4.094551   1.111409  6.466086  0.128917 16.954155  0.778721
-3.9435 12.791 -3.8977 9.8985 -4.0461 8.7578 -4.5932 6.9264 -1.7033 8.3905 -.6812 5.7081
Au       196.966569 79
16.8819 .4611 18.5913 8.6216 25.5582 1.4826 5.86 36.3956 12.0658 7.63
 16.777389 19.317156 32.979682  5.595453 10.576854 -6.279078   0.122737  8.621570  1.256902 38.008821  0.000601
-3.9908 13.4551 -3.8356 10.4202 -3.9461 9.2222 -4.4197 7.298 -2.0133 8.8022 -.7683 5.9978 98.65 0.43
Au+      196.966569 79
28.0109 1.35321 17.8204 7.7395 14.3359 .356752 6.58077 26.4043 11.2299
 32.124306 16.716476 16.814100  7.311565  0.993064  4.040792   1.216073  7.165378  0.118715 20.442486 53.095985
-3.9908 13.4551 -3.8356 10.4202 -3.9461 9.2222 -4.4197 7.298 -2.0133 8.8022 -.7683 5.9978
Au3+     196.966569 79
30.6886 1.2199 16.9029 6.82872 12.7801 .212867 6.52354 18.659 9.0968
 31.704271 17.545767 16.819551  5.522640  0.361725  4.042679   1.215561  7.220506  0.118812 20.050970  1.215562
-3.9908 13.4551 -3.8356 10.4202 -3.9461 9.2222 -4.4197 7.298 -2.0133 8.8022 -.7683 5.9978
Hg       200.59     80
20.6809 .545 19.0417 8.4484 21.6575 1.5729 5.9676 38.3246 12.6089 12.692
 16.839889 20.023823 28.428565  5.881564  4.714706  4.076478   0.115905  8.256927  1.195250 39.247226  1.195250
-4.1029 14.1473 -3.8228 10.965 -3.8921 9.7076 -4.2923 7.6849 -2.3894 9.2266 -.8801 6.2989 372.3 6.6
Hg+      200.59     80
25.0853 1.39507 18.4973 7.65105 16.8883 .443378 6.48216 28.2262 12.0205
 28.866837 19.277540 16.776051  6.281459  3.710289  4.068430   1.173967  7.583842  0.115351 29.055994  1.173968
-4.1029 14.1473 -3.8228 10.965 -3.8921 9.7076 -4.2923 7.6849 -2.3894 9.2266 -.8801 6.2989
Hg2+     200.59     80
29.5641 1.21152 18.06 7.05639 12.8374 .284738 6.89912 20.7482 10.6268
 32.411079 18.690371 16.711773  9.974835 -3.847611  4.052869   1.162980  7.329806  0.114518 22.009489 22.009493
-4.1029 14.1473 -3.8228 10.965 -3.8921 9.7076 -4.2923 7.6849 -2.3894 9.2266 -.8801 6.2989
Tl       204.3833   81
27.5446 .65515 19.1584 8.70751 15.538 1.96347 5.52593 45.8149 13.1746 8.776
 16.630795 19.386615 32.808570  1.747191  6.356862  4.066939   0.110704  7.181401  1.119730 90.660262 26.014978
-4.2233 14.8643 -3.8103 11.53 -3.834 10.2108 -4.1627 8.09 -2.8358 9.6688 -1.0117 6.609 3.43 0.21
Tl+      204.3833   81
21.3985 1.4711 20.4723 .517394 18.7478 7.43463 6.82847 28.8482 12.5258
 32.295044 16.570049 17.991013  1.535355  7.554591  4.054030   1.101544  0.110020  6.528559 52.495068 20.338634
-4.2233 14.8643 -3.8103 11.53 -3.834 10.2108 -4.1627 8.09 -2.8358 9.6688 -1.0117 6.609
Tl3+     204.3833   81
30.8695 1.1008 18.3481 6.53852 11.9328 .219074 7.00574 17.2114 9.8027
 32.525639 19.139185 17.100321  5.891115 12.599463 -9.256075   1.094966  6.900992  0.103667 18.489614 -0.001401
-4.2233 14.8643 -3.8103 11.53 -3.834 10.2108 -4.1627 8.09 -2.8358 9.6688 -1.0117 6.609
Pb       207.2      82
31.0617 .6902 13.0637 2.3576 18.442 8.618 5.9696 47.2579 13.4118 9.405
 16.419567 32.738592  6.530247  2.342742 19.916475  4.049824   0.105499  1.055049 25.025890 80.906596  6.664449
-4.4167 15.5987 -3.8519 12.1106 -3.8236 10.7292 -4.0753 8.506 -3.3944 10.1111 -1.1676 6.9287 0.171 0.0030
Pb2+     207.2      82
21.7886 1.3366 19.5682 .488383 19.1406 6.7727 7.01107 23.8132 12.4734
 27.392647 16.496822 19.984501  6.813923  5.233910  4.065623   1.058874  0.106305  6.708123 24.395554  1.058874
-4.4167 15.5987 -3.8519 12.1106 -3.8236 10.7292 -4.0753 8.506 -3.3944 10.1111 -1.1676 6.9287
Pb4+     207.2      82
32.1244 1.00566 18.8003 6.10926 12.0175 .147041 6.96886 14.714 8.08428
 32.505657 20.014240 14.645661  5.029499  1.760138  4.044678   1.047035  6.670321  0.105279 16.525040  0.105279
-4.4167 15.5987 -3.8519 12.1106 -3.8236 10.7292 -4.0753 8.506 -3.3944 10.1111 -1.1676 6.9287
Bi       208.98040  83
33.3689 .704 12.951 2.9238 16.5877 8.7937 6.4692 48.0093 13.5782 8.532
 16.282274 32.725137  6.678302  2.694750 20.576559  4.040914   0.101180  1.002287 25.714145 77.057550  6.291882
-4.6533 16.3448 -3.9228 12.7017 -3.8408 11.2575 -4.0111 8.931 -4.1077 10.2566 -1.3494 7.2566 0.0338 0.0084
Bi3+     208.98040  83
21.8053 1.2356 19.5026 6.24149 19.1053 .469999 7.10295 20.3185 12.4711
 32.461437 19.438683 16.302486  7.322662  0.431704  4.043703   0.997930  6.038867  0.101338 18.371586 46.361046
-4.6533 16.3448 -3.9228 12.7017 -3.8408 11.2575 -4.0111 8.931 -4.1077 10.2566 -1.3494 7.2566
Bi5+     208.98040  83
33.5364 .91654 25.0946 .039042 19.2497 5.71414 6.91555 12.8285 -6.7994
 16.734028 20.580494  9.452623 61.155834 -34.041023  4.113663   0.105076  4.773282 11.762162  1.211775  1.619408
-4.6533 16.3448 -3.9228 12.7017 -3.8408 11.2575 -4.0111 8.931 -4.1077 10.2566 -1.3494 7.2566
Po       209.       84
34.6726 .700999 15.4733 3.55078 13.1138 9.55642 7.02588 47.0045 13.677
 16.289164 32.807170 21.095164  2.505901  7.254589  4.046556   0.098121  0.966265  6.046622 76.598071 28.096128
-4.9604 17.141 -4.0267 13.3329 -3.8855 11.8209 -3.967 9.3834 -5.121 11.0496 -1.5613 7.5986/
At       210.       85
35.3163 .68587 19.0211 3.97458 9.49887 11.3824 7.42518 45.4715 13.7108
 16.011461 32.615549  8.113899  2.884082 21.377867  3.995684   0.092639  0.904416 26.543256 68.372961  5.499512
-5.3399 17.939 -4.1781 13.9709 -3.9706 12.3915 -3.9588 9.8433 -7.9122 9.9777 -1.8039 7.9509/
Rn       222.       86
35.5631 .6631 21.2816 4.0691 8.0037 14.0422 7.4433 44.2473 13.6905
 16.070228 32.641105 21.489659  2.299218  9.480184  4.020977   0.090437  0.876409  5.239687 69.188477 27.632640
-5.7275 18.772 -4.3331 14.6313 -4.0549 12.9815 -3.9487 10.3181 -8.0659 10.458 -2.0847 8.3112/
Fr       223.       87
35.9299 .646453 23.0547 4.17619 12.1439 23.1052 2.11253 150.645 13.7247
 16.007386 32.663830 21.594351  1.598497 11.121192  4.003472   0.087031  0.840187  4.954467 199.805805 26.905106
-6.2180 19.6009 -4.5387 15.3016 -4.1818 13.5825 -3.9689 10.8038 -7.2224 7.7847 -2.4129 8.6839/
Ra       226.       88
35.763 .616341 22.9064 3.87135 12.4739 19.9887 3.21097 142.325 13.6211 10.0
 32.563691 21.396671 11.298093  2.834688 15.914965  3.981773   0.801980  4.590666 22.758973 160.404392  0.083544
-6.7502 20.4389 -4.7764 15.9778 -4.3309 14.1902 -4.0088 11.2969 -6.7704 8.1435 -2.8081 9.0614 12.8 0
Ra2+     226.       88
35.215 .604909 21.67 3.5767 7.91342 12.601 7.65078 29.8436 13.5431
  4.986228 32.474945 21.947443 11.800013 10.807292  3.956572   0.082597  0.791468  4.608034 24.792431  0.082597
-6.7502 20.4389 -4.7764 15.9778 -4.3309 14.1902 -4.0088 11.2969 -6.7704 8.1435 -2.8081 9.0614
Ac       227.       89
35.6597 .589092 23.1032 3.65155 12.5977 18.599 4.08655 117.02 13.5266
 15.914053 32.535042 21.553976 11.433394  3.612409  3.939212   0.080511  0.770669  4.352206 21.381622 130.500748
-7.4161 21.3053 -5.0617 16.6687 -4.527 14.8096 -4.0794 11.7994 -6.8494 8.5178 -3.2784 9.4502/
Ac3+     227.       89
35.1736 .579689 22.1112 3.41437 8.19216 12.9187 7.05545 25.9443 13.4637
 15.584983 32.022125 21.456327  0.757593 12.341252  3.838984   0.077438  0.739963  4.040735 47.525002 19.406845
-7.4161 21.3053 -5.0617 16.6687 -4.527 14.8096 -4.0794 11.7994 -6.8494 8.5178 -3.2784 9.4502
Th       232.03806  90
35.5645 .563359 23.4219 3.46204 12.7473 17.8309 4.80703 99.1722 13.4314 10.31
 15.784024 32.454898 21.849222  4.239077 11.736191  3.922533   0.077067  0.735137  4.097976 109.464113 20.512138
-8.2118 22.2248 -5.3692 17.4018 -4.731 15.4642 -4.1491 12.3296 -7.24 8.8979 -3.8533 9.8403 7.37 0
Th4+     232.03806  90
35.1007 .555054 22.4418 3.24498 9.78554 13.4661 5.29444 23.9533 13.376
 15.515445 32.090691 13.996399 12.918157  7.635514  3.831122   0.074499  0.711663  3.871044 18.596891  3.871044
-8.2118 22.2248 -5.3692 17.4018 -4.731 15.4642 -4.1491 12.3296 -7.24 8.8979 -3.8533 9.8403
Pa       231.03588  91
35.8847 .547751 23.2948 3.41519 14.1891 16.9235 4.17287 105.251 13.4287 9.1
 32.740208 21.973674 12.957398  3.683832 15.744058  3.886066   0.709545  4.050881 19.231542 117.255006  0.074040
-9.4459 23.1548 -5.7337 18.1406 -4.9639 16.1295 -4.2473 12.8681 -8.0334 9.2807 -4.6067 10.2413 200.6 0.1
U        238.02891  92
36.0228 .5293 23.4128 3.3253 14.9491 16.0927 4.188 100.613 13.3966 8.417
 15.679275 32.824305 13.660459  3.687261 22.279435  3.854444   0.071206  0.681177 18.236157 112.500040  3.930325
-9.9362 23.1239 -6.1485 18.8728 -5.2392 16.7952 -4.3638 13.409 -9.6767 9.6646 -5.7225 10.6428 7.57 0.005
U3+      238.02891  92
35.5747 .52048 22.5259 3.12293 12.2165 12.7148 5.37073 26.3394 13.3092
 15.360309 32.395657 21.961290  1.325894 14.251453  3.706622   0.067815  0.654643  3.643409 39.604965 16.330570
-9.9362 23.1239 -6.1485 18.8728 -5.2392 16.7952 -4.3638 13.409 -9.6767 9.6646 -5.7225 10.6428
U4+      238.02891  92
35.3715 .516598 22.5326 3.05053 12.0291 12.5723 4.7984 23.4582 13.2671
 15.355091 32.235306  0.557745 14.396367 21.751173  3.705863   0.067789  0.652613 42.354237 15.908239  3.553231
-9.9362 23.1239 -6.1485 18.8728 -5.2392 16.7952 -4.3638 13.409 -9.6767 9.6646 -5.7225 10.6428
U6+      238.02891  92
34.8509 .507079 22.7584 2.8903 14.0099 13.1767 1.21457 25.2017 13.1665
 15.333844 31.770849 21.274414 13.872636  0.048519  3.700591   0.067644  0.646384  3.317894 14.650250 75.339699
-9.9362 23.1239 -6.1485 18.8728 -5.2392 16.7952 -4.3638 13.409 -9.6767 9.6646 -5.7225 10.6428
Np       237.       93
36.1874 .511929 23.5964 3.25396 15.6402 15.3622 4.1855 97.4908 13.3573 10.55
 32.999899 22.638076 14.219973  3.672950 15.683245  3.769391   0.657086  3.854918 17.435474 109.464485  0.068033
-11.108 24.1168 -6.6136 19.6379 -5.5633 17.4837 -4.5053 13.9666 -11.4937 4.1493 -6.9995 9.5876 175.9 0.5
Np3+     237.       93
35.7074 .502322 22.613 3.03807 12.9898 12.1449 5.43227 25.4928 13.2544
 15.378152 32.572132 22.206125  1.413295 14.828381  3.603370   0.064613  0.631420  3.561936 37.875511 15.546129
-11.108 24.1168 -6.6136 19.6379 -5.5633 17.4837 -4.5053 13.9666 -11.4937 4.1493 -6.9995 9.5876
Np4+     237.       93
35.5103 .498626 22.5787 2.96627 12.7766 11.9484 4.92159 22.7502 13.2116
 15.373926 32.423019 21.969994  0.662078 14.969350  3.603039   0.064597  0.629658  3.476389 39.438942 15.135764
-11.108 24.1168 -6.6136 19.6379 -5.5633 17.4837 -4.5053 13.9666 -11.4937 4.1493 -6.9995 9.5876
Np6+     237.       93
35.0136 .48981 22.7286 2.81099 14.3884 12.33 1.75669 22.6581 13.113
 15.359986 31.992825 21.412458  0.066574 14.568174  3.600942   0.064528  0.624505  3.253441 67.658318 13.980832
-11.108 24.1168 -6.6136 19.6379 -5.5633 17.4837 -4.5053 13.9666 -11.4937 4.1493 -6.9995 9.5876
Pu       244.       94
36.5254 .499384 23.8083 3.26371 16.7707 14.9455 3.47947 105.98 13.3812 14.1
 33.281176 23.148545 15.153755  3.031492 15.704215  3.664200   0.634999  3.856168 16.849736 121.292040  0.064857
-11.4073 23.296 -6.9721 20.1548 -5.813 17.9579 -4.6563 14.3729 -9.41 4.3056 -13.5905 6.9486 558. 0
Pu3+     244.       94
35.84 .484936 22.7169 2.96118 13.5807 11.5331 5.66016 24.3992 13.1991
 15.356004 32.769127 22.680210  1.351055 15.416232  3.428895   0.060590  0.604663  3.491509 37.260635 14.981921
-11.4073 23.296 -6.9721 20.1548 -5.813 17.9579 -4.6563 14.3729 -9.41 4.3056 -13.5905 6.9486
Pu4+     244.       94
35.6493 .481422 22.646 2.8902 13.3595 11.316 5.18831 21.8301 13.1555
 15.416219 32.610569 22.256662  0.719495 15.518152  3.480408   0.061456  0.607938  3.411848 37.628792 14.464360
-11.4073 23.296 -6.9721 20.1548 -5.813 17.9579 -4.6563 14.3729 -9.41 4.3056 -13.5905 6.9486
Pu6+     244.       94
35.1736 .473204 22.7181 2.73848 14.7635 11.553 2.28678 20.9303 13.0582
 15.436506 32.289719 14.726737 15.012391  7.024677  3.502325   0.061815  0.606541  3.245363 13.616438  3.245364
-11.4073 23.296 -6.9721 20.1548 -5.813 17.9579 -4.6563 14.3729 -9.41 4.3056 -13.5905 6.9486
Am       243.       95
36.6706 .483629 24.0992 3.20647 17.3415 14.3136 3.49331 102.273 13.3592 8.3
 33.435163 23.657259 15.576339  3.027023 15.746100  3.541160   0.612785  3.792942 16.195778 117.757005  0.061755
-11.7097 24.5715 -7.7881 21.1738 -6.292 18.8618 -4.8483 15.0877 -7.8986 4.5125 -6.7022 7.3108 75.3 0.3
Cm       247.       96
36.6488 .465154 24.4096 3.08997 17.399 13.4346 4.21665 88.4834 13.2887 9.5
 15.804837 33.480800 24.150198  3.655563 15.499866  3.390840   0.058619  0.590160  3.674720 100.736192 15.408296
-10.41 25.8115 -8.6102 21.888 -6.7506 19.5119 -5.0611 15.6355 -7.3248 4.698 -6.2891 7.6044 16.2 0
Bk       247.       97
36.7881 .451018 24.7736 3.04619 17.8919 12.8946 4.23284 86.003 13.2754
 15.889072 33.625285 24.710380  3.707139 15.839268  3.213169   0.055503  0.569571  3.615472 97.694787 14.754303
-9.2185 29.3028 -9.3381 21.9514 -7.4293 20.3581 -5.3481 16.319 -6.8498 4.9086 -6.3438 7.9477/
Cf       251.       98
36.9185 .437533 25.1995 3.00775 18.3317 12.4044 4.24391 83.7881 13.2674
 33.794074 25.467693 16.048487  3.657525 16.008982  3.005326   0.550447  3.581973 14.357388 96.064975  0.052450
-23.5202 31.2999 -9.7799 22.4858 -7.8616 20.8536 -5.5545 16.7428 -6.6561 5.0785 -6.4144 8.193/
